######Euro 2022 colour palettes######

#Create a Euro 2022 colour pallette
cols7<- c("#60c6e9", "#60b7f2", "#7da3f2", "#a48be3", "#c66fc4", "#dc5197", "#df3a61")
cols5<- c("#60c6e9", "#6caef4", "#a48be3", "#d360af", "#df3a61")
cols4<- c("#60c6e9", "#7da3f2", "#c66fc4", "#df3a61")

#Background
backcol<- "#362257"
